0.463188
0.393063
0.278634
0.429871
0.33461
0.422089
0.52225
0.423803
0.498376
0.492327
0.43485
0.44121
0.379127
0.495252
0.479706
0.409999
0.574221
0.571213
0.603604
0.548503
0.479031
0.322867
0.414564
0.349651
0.284978
0.430096
0.403121
0.49416
0.387319
0.361519
0.543425
0.256067
0.34968
0.333652
0.5601
0.449787
0.368672
0.440619
0.431475
0.45596
0.422718
0.470337
0.530947
0.35214
0.459975
0.323345
0.423369
0.454919
0.620947
0.361819
0.461426
0.451946
0.342327
0.463058
0.521587
0.351899
0.556679
0.436722
0.55448
0.475401
0.402668
0.352878
0.451247
0.53891
0.414054
0.507508
0.389439
0.490433
0.340103
0.363261
0.488357
0.355184
0.265198
0.541381
0.499269
0.567475
0.389825
0.366568
0.469126
0.495798
0.562505
0.424634
0.49695
0.348521
0.470393
0.357118
0.454435
0.391487
0.456341
0.501127
0.29118
0.519209
0.547638
0.514946
0.486222
0.296191
0.481954
0.464215
0.416826
0.600447
