0.487277
0.405135
0.45911
0.590004
0.445483
0.416893
0.231509
0.451636
0.442717
0.62375
0.440948
0.436097
0.644969
0.471053
0.259743
0.609428
0.486049
0.345629
0.624875
0.327369
0.524721
0.546885
0.545019
0.600083
0.326429
0.578386
0.527392
0.449894
0.263654
0.358158
0.516344
0.506579
0.353431
0.377474
0.577556
0.292732
0.405674
0.421996
0.50839
0.277897
0.379215
0.534069
0.591528
0.540462
0.486916
0.357051
0.444013
0.497589
0.625395
0.374935
0.35972
0.585863
0.611833
0.500839
0.578502
0.373381
0.41476
0.495973
0.550951
0.528183
0.374155
0.517437
0.411144
0.527983
0.493169
0.498506
0.514843
0.290796
0.511005
0.287492
0.414186
0.284058
0.49568
0.550753
0.6159
0.396832
0.268486
0.343779
0.286933
0.271706
0.49266
0.416699
0.564394
0.594155
0.352804
0.393337
0.471278
0.522393
0.433415
0.367947
0.34724
0.548856
0.468993
0.309167
0.385616
0.405454
0.500444
0.629568
0.573382
0.293321
