0.255923
0.357577
0.461222
0.403485
0.396688
0.395264
0.46213
0.540958
0.253903
0.362316
0.299686
0.249796
0.390597
0.356133
0.377493
0.312314
0.379223
0.486618
0.428594
0.435706
0.277124
0.368935
0.503762
0.326636
0.487733
0.335835
0.23325
0.445248
0.347346
0.198526
0.379655
0.507744
0.200224
0.390148
0.520583
0.273825
0.548458
0.436299
0.303894
0.250995
0.539624
0.224287
0.50461
0.393215
0.441573
0.503012
0.418637
0.472656
0.421645
0.437992
0.475974
0.201427
0.34977
0.403661
0.346147
0.217974
0.307372
0.34511
0.467902
0.434605
0.471038
0.477884
0.32067
0.399241
0.483987
0.442187
0.353533
0.384099
0.271027
0.175503
0.578974
0.471763
0.245396
0.507132
0.392658
0.260077
0.295009
0.320913
0.491483
0.298389
0.271195
0.41784
0.462447
0.416358
0.233287
0.403777
0.419812
0.416634
0.377496
0.286514
0.483379
0.356079
0.28254
0.402754
0.402731
0.352741
0.36347
0.453377
0.468833
0.270162
