0.474718
0.470514
0.477364
0.468446
0.481337
0.439717
0.47606
0.460754
0.472337
0.444278
0.452072
0.478926
0.463602
0.458788
0.472615
0.444398
0.462021
0.458978
0.469165
0.488625
0.468101
0.467351
0.482751
0.461405
0.464923
0.464936
0.473942
0.496025
0.465438
0.467429
0.475034
0.474857
0.507792
0.466805
0.45273
0.473585
0.480355
0.447967
0.457103
0.446761
0.451085
0.462774
0.464519
0.473267
0.473498
0.470137
0.471706
0.48083
0.468667
0.471441
0.50489
0.472513
0.471774
0.45409
0.495994
0.471662
0.464687
0.469994
0.465054
0.467419
0.470696
0.40322
0.485134
0.479073
0.463423
0.476998
0.483476
0.462349
0.466971
0.440234
0.479298
0.441264
0.483609
0.46847
0.473909
0.457493
0.445309
0.457692
0.461178
0.46078
0.470198
0.475837
0.462032
0.461803
0.475548
0.407735
0.476741
0.485523
0.455343
0.4616
0.483523
0.389773
0.473526
0.455662
0.463573
0.466483
0.471367
0.467008
0.466186
0.455231
0.460212
0.478577
0.467435
0.469144
0.481118
0.457555
0.468367
0.459184
0.481672
0.459792
0.441613
0.467067
0.469142
0.458473
0.462638
0.458105
0.462295
0.466994
0.471719
0.478176
0.454809
0.476677
0.469007
0.468066
0.477493
0.460712
0.469947
0.465205
0.450232
0.466008
0.463552
0.4696
0.439408
0.455267
0.431628
0.48013
0.473356
0.470658
0.485417
0.450515
0.470072
0.472332
0.475918
0.458006
0.465476
0.45475
0.466676
0.461395
0.475885
0.45506
0.473866
0.467974
0.467751
0.4699
0.469152
0.455433
0.465215
0.46072
0.464304
0.459465
0.471262
0.464938
0.456512
0.447348
0.485409
0.454992
0.4619
0.455435
0.467918
0.454138
0.46942
0.47635
0.467245
0.468029
0.468503
0.478504
0.472374
0.458874
0.463028
0.462721
0.466965
0.466529
0.471847
0.470917
0.467154
0.462784
0.447679
0.455693
0.464387
0.474622
0.466873
0.477
0.470528
0.47562
0.467672
0.450888
0.460539
0.461358
0.46678
0.496978
0.471589
0.469972
0.472282
0.474337
0.47493
0.470038
0.467218
0.477137
0.481027
0.485892
0.393326
0.476268
0.46045
0.463556
0.482595
0.501831
0.471347
0.460837
0.484885
0.460851
0.460418
0.473133
0.498625
0.463495
0.48938
0.459688
0.494475
0.460295
0.464589
0.432645
0.463592
0.467192
0.471397
0.455852
0.4712
0.46551
0.475001
0.473734
0.46271
0.471518
0.462715
0.461753
0.472333
0.471708
0.469696
0.463892
0.475741
0.476279
0.461319
0.43255
0.462957
0.465163
0.46357
0.473416
0.470006
0.482367
0.474871
0.47764
0.440132
0.437555
0.474178
0.485058
0.471362
0.453046
0.513524
0.471445
0.480386
0.453594
0.478246
0.466193
0.468812
0.472331
0.476022
0.46016
0.472843
0.473592
0.465092
0.472932
0.453398
0.456384
0.457572
0.458614
0.489362
0.467981
0.450758
0.472894
0.466772
0.460391
0.471845
0.458064
0.473128
0.453553
0.468163
0.425656
0.466995
0.46496
0.47163
0.465205
0.477614
0.471284
0.473278
0.480194
0.464429
0.477351
0.4853
0.470921
0.460147
0.486666
0.46338
0.471889
0.46864
0.473133
0.454679
0.484917
0.516594
0.467262
0.472423
0.471403
0.464795
0.476401
0.443988
0.474287
0.462913
0.472914
0.47952
0.466821
0.452749
0.461415
0.463427
0.472023
0.454679
0.457821
0.467103
0.439548
0.463711
0.458042
0.472073
0.472542
0.467561
0.472705
0.466181
0.458416
0.460362
0.476892
0.476132
0.459783
0.475856
0.463226
0.460842
0.453138
0.487581
0.453909
0.465284
0.444716
0.474312
0.44096
0.46273
0.454914
0.462637
0.483642
0.469482
0.476627
0.467593
0.469179
0.464392
0.467862
0.46988
0.44959
0.459184
0.4654
0.475156
0.461069
0.471432
0.465063
0.44018
0.483099
0.466251
0.478879
0.486234
0.469002
0.470857
0.441751
0.427493
0.482701
0.469059
0.454947
0.481717
0.479848
0.457081
0.466131
0.45617
0.492967
0.462346
0.466776
0.391593
0.445989
0.454169
0.469784
0.454207
0.464474
0.462411
0.46468
0.466494
0.452807
0.457591
0.462138
0.466665
0.465816
0.457634
0.451413
0.4647
0.476893
0.461218
0.470295
0.466634
0.493449
0.468534
0.48469
0.47747
0.466483
0.470065
0.45885
0.470974
0.472995
0.458515
0.470194
0.47184
0.473599
0.47237
0.465588
0.463088
0.476777
0.488751
0.46355
0.479178
0.446822
0.445782
0.472259
0.492635
0.467286
0.465199
0.481681
0.488997
0.469007
0.464628
0.469114
0.455025
0.451733
0.471314
0.486848
0.472591
0.469036
0.457041
0.435027
0.477207
0.471869
0.476408
0.475159
0.458275
0.499037
0.481399
0.464312
0.457038
0.464908
0.446986
0.470176
0.485102
0.470227
0.468479
0.453771
0.481649
0.469567
0.461235
0.480026
0.455794
0.473864
0.464192
0.474162
0.472442
0.475045
0.478453
0.460821
0.478721
0.480541
0.448523
0.467732
0.50215
0.465018
0.468014
0.464762
0.478162
0.480056
0.477726
0.471129
0.468251
0.466592
0.461962
0.477584
0.457534
0.480987
0.470713
0.460922
0.473603
0.443468
0.473605
0.45421
0.478842
0.493569
0.49204
0.465616
0.460606
0.463948
0.472543
0.464911
0.46668
0.463131
0.473228
0.479298
0.411779
0.451091
0.428065
0.450082
0.481757
0.471284
0.453791
0.473474
0.445922
0.466779
0.4461
0.474656
0.467137
0.482279
0.452284
0.491927
0.461875
0.471076
0.470084
0.471083
0.486902
0.440951
0.466234
0.469522
0.454112
0.477863
0.466138
0.468304
0.416702
0.459599
0.479249
0.464817
0.457831
0.460687
0.449333
0.472589
0.4662
0.477359
0.467465
0.462715
0.45956
0.470845
0.476702
0.435867
0.470592
0.46407
0.468415
0.472624
0.478554
0.468176
0.46715
0.444742
0.453831
0.459688
0.477676
0.420085
0.462384
0.473768
0.474659
0.456448
0.46356
0.466559
0.474164
0.458075
0.392633
0.470486
0.467064
0.475199
0.475507
0.471466
0.454183
0.468621
0.47572
0.450052
0.470027
0.466035
0.465121
0.480327
0.477729
0.460741
0.478934
0.471774
0.466974
0.462737
0.465942
0.47413
0.47261
0.463509
0.466814
0.464172
0.467641
0.459417
0.469668
0.465195
0.442513
0.477937
0.481608
0.471365
0.464276
0.484669
0.479895
0.458835
0.468829
0.46345
0.478213
0.475454
0.476002
0.458577
0.448182
0.473996
0.457698
0.418369
0.480735
0.461359
0.463566
0.463235
0.463813
0.467419
0.483128
0.483697
0.462867
0.443333
0.462987
0.471983
0.456034
0.467157
0.450597
