0.505934
0.53716
0.537331
0.437761
0.438689
0.377851
0.370694
0.565716
0.498086
0.504825
0.51772
0.469334
0.441333
0.450301
0.389039
0.529417
0.346614
0.497848
0.526699
0.376916
0.471747
0.460057
0.486473
0.57682
0.523218
0.521599
0.422866
0.45433
0.521318
0.448342
0.387348
0.451166
0.533803
0.528784
0.59171
0.375249
0.402357
0.376608
0.540919
0.470442
0.376036
0.41791
0.40906
0.478711
0.463682
0.387702
0.475552
0.376885
0.445319
0.405382
0.499821
0.445815
0.480261
0.465989
0.575209
0.508914
0.455199
0.45907
0.468103
0.430837
0.526113
0.465449
0.507824
0.425008
0.543941
0.447243
0.526495
0.521065
0.473869
0.467929
0.495503
0.436538
0.555724
0.389918
0.494299
0.485615
0.465978
0.542652
0.570473
0.498008
0.486516
0.534058
0.575592
0.363653
0.488317
0.402845
0.51232
0.559635
0.441943
0.553509
0.489405
0.381545
0.406464
0.467601
0.530779
0.422845
0.510226
0.546807
0.528853
0.470316
0.480186
0.447848
0.398223
0.459345
0.403316
0.450703
0.610639
0.545004
0.516678
0.43422
0.509575
0.4361
0.477232
0.482766
0.510114
0.380338
0.373688
0.458304
0.563437
0.375255
0.529515
0.397836
0.508558
0.508789
0.495776
0.398114
0.345472
0.433039
0.496909
0.506786
0.486717
0.560539
0.41916
0.506571
0.407092
0.510017
0.487864
0.525446
0.492502
0.533073
0.474846
0.469776
0.546057
0.493558
0.357463
0.37906
0.635696
0.48289
0.38838
0.519216
0.502482
0.458687
0.508343
0.484562
0.456831
0.364994
0.461145
0.552243
0.428222
0.46116
0.429688
0.473099
0.567715
0.411587
0.398224
0.423209
0.468082
0.458173
0.527834
0.545106
0.481772
0.48996
0.449951
0.491852
0.435884
0.442045
0.536654
0.497492
0.53263
0.473564
0.423825
0.519484
0.609953
0.525755
0.536956
0.43909
0.528172
0.538878
0.419984
0.493082
0.404892
0.523132
0.398649
0.472537
0.428535
0.502583
0.396863
0.450665
0.481478
0.503059
0.524079
0.41719
0.380771
0.489406
0.464149
0.560014
0.536622
0.48876
0.379528
0.523454
0.404602
0.569372
0.424887
0.640763
0.530136
0.515206
0.559465
0.412045
0.41613
0.386492
0.448351
0.482544
0.483507
0.493668
0.498227
0.495924
0.504072
0.55901
0.508623
0.471797
0.386525
0.610334
0.455817
0.41719
0.544175
0.365568
0.520155
0.43971
0.41024
0.581578
0.415383
0.486717
0.431227
0.526179
0.419548
0.367182
0.455072
0.454967
0.560895
0.427122
0.518346
0.508769
0.375767
0.417786
0.469692
0.468
0.421963
0.481607
0.438786
0.467929
0.474379
0.408904
0.466199
0.542028
0.451196
0.475453
0.44648
0.576142
0.476219
0.585579
0.590902
0.383864
0.525446
0.440787
0.541774
0.414461
0.444389
0.412953
0.407444
0.408973
0.478657
0.515526
0.459015
0.485265
0.478594
0.485962
0.518604
0.558396
0.485699
0.51383
0.459943
0.40412
0.430092
0.481884
0.394699
0.526761
0.401287
0.489676
0.502761
0.41014
0.609028
0.529271
0.51942
0.444387
0.471175
0.491276
0.387354
0.495355
0.392395
0.471555
0.534993
0.423557
0.511678
0.519698
0.430951
0.45187
0.433586
0.506175
0.480055
0.511513
0.437735
0.51161
0.478643
0.378649
0.445673
0.43677
0.497179
0.434617
0.400677
0.557992
0.414042
0.50177
0.436667
0.418586
0.543924
0.448536
0.385621
0.530129
0.456039
0.453747
0.472974
0.479441
0.557646
0.464474
0.513698
0.402236
0.457365
0.640304
0.435478
0.511109
0.483713
0.381147
0.495543
0.472487
0.441968
0.415036
0.439168
0.399287
0.534884
0.628942
0.546799
0.556771
0.364931
0.456694
0.468479
0.490615
0.436139
0.491023
0.518447
0.522579
0.369292
0.479784
0.543133
0.385828
0.432386
0.594651
0.34336
0.406133
0.421571
0.481288
0.484241
0.474019
0.444848
0.491124
0.507722
0.405871
0.379641
0.479242
0.473599
0.467351
0.394703
0.576254
0.461389
0.400167
0.386523
0.530484
0.434081
0.415688
0.431974
0.59637
0.533737
0.478642
0.473796
0.568618
0.553026
0.606424
0.517092
0.510409
0.507622
0.472395
0.525295
0.51442
0.397657
0.518049
0.492847
0.478573
0.466702
0.474172
0.466768
0.54152
0.435032
0.48848
0.511748
0.563828
0.4806
0.401885
0.403185
0.543097
0.452056
0.566191
0.536716
0.486561
0.366029
0.508009
0.440477
0.420475
0.407184
0.495604
0.47547
0.351613
0.487515
0.519071
0.572541
0.465572
0.458927
0.385744
0.542949
0.429732
0.420597
0.501559
0.443217
0.453633
0.532758
0.534525
0.5152
0.463658
0.414694
0.450339
0.516279
0.394508
0.418278
0.637329
0.486832
0.504191
0.57156
0.460104
0.479897
0.335249
0.441324
0.480112
0.515621
0.472989
0.478985
0.408321
0.525211
0.502611
0.402888
0.5607
0.466814
0.473505
0.539174
0.482841
0.502917
0.508502
0.470452
0.504879
0.526424
0.460259
0.466698
0.485865
0.618495
0.459994
0.529544
0.400488
0.452804
0.486609
0.516394
0.486055
0.459817
0.517693
0.498908
0.431942
0.434768
0.531514
0.509753
0.429315
0.379468
0.440561
0.54442
0.395842
0.433084
0.48285
0.448104
0.525112
0.468574
0.415146
0.462767
0.384666
0.484929
0.570361
0.486761
0.519336
0.556961
0.500416
0.488867
0.507615
0.553844
0.45665
0.526035
0.449833
0.498732
0.526573
0.478433
0.418628
0.501326
0.475413
0.389066
0.423509
0.411929
0.576117
0.553663
0.499821
0.516112
0.442201
0.46302
0.435625
0.497771
0.619052
0.40316
0.454119
0.437535
0.427194
0.56318
0.445851
0.373985
0.54646
0.52065
0.420431
0.540115
0.454126
0.445352
0.522296
0.588464
0.416171
0.456443
0.473885
0.394003
0.555499
0.532542
0.389217
0.383289
0.345358
0.497245
0.337448
0.343415
0.482418
0.398317
0.550416
0.607991
0.438131
0.436294
0.4502
0.363799
0.472204
0.506007
0.432837
0.57555
0.46411
0.488027
0.459282
0.396345
0.578253
0.490544
0.540693
0.46831
0.560556
0.414383
0.536597
0.51357
0.44382
0.486825
0.437937
0.521214
0.460728
0.372687
0.451843
0.443757
0.500307
0.515269
0.494663
0.534528
0.498638
0.548065
0.479647
0.431023
0.535167
0.459933
0.441951
0.527584
0.409317
0.384839
0.502945
0.586034
0.505489
0.457564
0.515082
0.547764
0.456341
0.496349
0.478385
0.5316
0.553205
0.59727
0.429063
0.578594
0.664642
0.452962
0.474838
0.549464
0.447197
0.522691
0.524312
0.448804
0.442308
0.393382
