0.490652
0.501124
0.270139
0.512225
0.331254
0.392822
0.465162
0.344276
0.407295
0.381907
0.469163
0.543566
0.385264
0.516266
0.37372
0.358908
0.292617
0.495188
0.461823
0.401635
0.406023
0.460534
0.466324
0.472546
0.44079
0.341994
0.489006
0.421374
0.437209
0.484005
0.419696
0.449382
0.401105
0.343661
0.385473
0.458868
0.531587
0.544765
0.444763
0.474477
0.520077
0.545349
0.451184
0.48922
0.423252
0.5022
0.495292
0.497441
0.482516
0.39251
0.551848
0.440849
0.395167
0.489427
0.390488
0.453592
0.560467
0.574111
0.347091
0.529609
0.291523
0.451826
0.365171
0.392957
0.527735
0.48585
0.493972
0.336274
0.484988
0.354309
0.339723
0.46137
0.395363
0.382317
0.50468
0.412413
0.524324
0.4133
0.482665
0.374827
0.440387
0.526132
0.432343
0.486686
0.3631
0.356998
0.358732
0.500141
0.409232
0.331355
0.447092
0.563586
0.48144
0.508832
0.41961
0.375836
0.466509
0.4577
0.310544
0.48979
0.482482
0.464455
0.558434
0.434544
0.452885
0.481275
0.344664
0.467001
0.540998
0.433175
0.411985
0.330315
0.567153
0.477216
0.447284
0.478843
0.351959
0.461337
0.320418
0.489196
0.460284
0.50784
0.406504
0.419118
0.462753
0.346739
0.528264
0.501865
0.361055
0.452052
0.521909
0.47095
0.472597
0.489467
0.490304
0.470286
0.500583
0.402041
0.396228
0.382927
0.435014
0.323879
0.52623
0.440398
0.418908
0.572399
0.419876
0.477524
0.34125
0.464786
0.515501
0.469531
0.441659
0.480341
0.509257
0.46655
0.385196
0.342904
0.505943
0.494989
0.429023
0.365188
0.487782
0.373156
0.392749
0.424496
0.541488
0.380721
0.411288
0.341384
0.430602
0.51125
0.495581
0.529857
0.525268
0.449362
0.316617
0.533354
0.43597
0.543591
0.569001
0.356879
0.541071
0.518732
0.508449
0.462537
0.42823
0.33621
0.385733
0.420122
0.396173
0.543464
0.376605
0.345558
0.463107
0.327702
0.431588
0.528298
0.443963
0.440968
0.424436
0.521306
0.537205
0.433751
0.48071
0.432245
0.473436
0.607858
0.48726
0.415414
0.509177
0.575638
0.399905
0.34902
0.456499
0.450275
0.483548
0.371143
0.380764
0.373791
0.441211
0.535637
0.311974
0.498733
0.524867
0.355101
0.493256
0.429463
0.404506
0.511925
0.478076
0.33731
0.379756
0.537302
0.294613
0.524375
0.51982
0.410148
0.470616
0.485304
0.560452
0.506235
0.34714
0.375225
0.552333
0.555644
0.41646
0.377804
0.403433
0.437735
0.366843
0.415085
0.408094
0.40479
0.34015
0.29268
0.467067
0.504249
0.340368
0.425583
0.427399
0.43324
0.480023
0.517947
0.561538
0.411175
0.518148
0.480702
0.535888
0.399733
0.446498
0.361027
0.451449
0.396881
0.490161
0.52008
0.327185
0.525593
0.328072
0.347377
0.551063
0.525186
0.453754
0.487991
0.55695
0.484893
0.321158
0.395834
0.571622
0.555147
0.440849
0.373259
0.337665
0.385529
0.395035
0.464912
0.384025
0.470814
0.551567
0.582117
0.359715
0.466031
0.53816
0.401594
0.298233
0.444692
0.391326
0.474885
0.327315
0.396881
0.469236
0.42635
0.385356
0.258163
0.467977
0.573336
0.534026
0.448859
0.352182
0.569873
0.35305
0.537585
0.494245
0.381731
0.430224
0.343879
0.58576
0.523335
0.439471
0.405634
0.480015
0.484059
0.322639
0.461827
0.371039
0.41903
0.534026
0.54715
0.483505
0.425393
0.408688
0.489661
0.479308
0.267806
0.502751
0.453997
0.534987
0.485836
0.336304
0.531317
0.430853
0.520068
0.536753
0.49656
0.38544
0.391703
0.316293
0.36987
0.365754
0.357795
0.428326
0.454636
0.448632
0.443167
0.329358
0.386399
0.497609
0.407912
0.451106
0.390282
0.518136
0.309978
0.447432
0.41208
0.330228
0.509527
0.384609
0.343986
0.425686
0.307469
0.437799
0.360398
0.460911
0.494285
0.454127
0.546635
0.345248
0.472263
0.480243
0.491361
0.469163
0.575805
0.406301
0.450388
0.337274
0.357093
0.432233
0.382068
0.415147
0.319103
0.468161
0.573218
0.300467
0.313163
0.496976
0.422057
0.452693
0.480368
0.498318
0.473054
0.457942
0.463401
0.351769
0.421062
0.431617
0.420165
0.539738
0.434853
0.328995
0.42982
0.380183
0.446859
0.29547
0.396922
0.326269
0.511925
0.566716
0.463422
0.49669
0.411624
0.529125
0.381864
0.364617
0.388644
0.511646
0.427237
0.487657
0.430615
0.58587
0.389893
0.478663
0.355954
0.423738
0.434704
0.408069
0.407219
0.557597
0.554379
0.431686
0.348341
0.564057
0.468115
0.440315
0.487735
0.488255
0.514055
0.401834
0.555478
0.551446
0.57802
0.456435
0.501785
0.568985
0.380104
0.375466
0.386236
0.431455
0.365798
0.398216
0.485257
0.411628
0.381558
0.261689
0.541916
0.349408
0.430082
0.399862
0.544092
0.467996
0.501846
0.538523
0.464913
0.445809
0.416246
0.397732
0.423564
0.416383
0.529518
0.512717
0.443681
0.412965
0.298578
0.478289
0.396163
0.388013
0.425174
0.426066
0.389851
0.371387
0.501338
0.579654
0.3595
0.449739
0.348896
0.374857
0.463873
0.57827
0.509619
0.492518
0.32026
0.474211
0.424364
0.32942
0.547913
0.262034
0.461209
0.412025
0.431063
0.420793
0.504289
0.44889
0.433987
0.349334
0.549756
0.534986
0.420393
0.390787
0.421661
0.4041
0.52183
0.421929
0.542839
0.458698
0.459185
0.587794
0.589843
0.432524
0.521052
0.336051
0.44723
0.431221
0.528867
0.401894
0.294521
0.474174
0.282687
0.458661
0.49033
0.437468
0.553142
0.459174
0.469407
0.513673
0.36846
0.451157
0.26911
0.436466
0.525274
0.37754
0.343518
0.434964
0.410484
0.481783
0.414003
0.519553
0.442774
0.474739
0.432691
0.327982
0.428277
0.381163
0.355719
0.427921
0.271068
0.386962
0.431801
0.396516
0.423592
0.558638
0.530068
0.426299
0.541333
0.511734
0.369065
0.521676
0.4385
0.442926
0.41116
0.443096
0.382948
0.512684
0.496215
0.435429
0.533609
0.451571
0.492547
0.502781
0.531972
0.445063
0.467256
0.355081
0.459991
0.497088
0.466931
0.520034
0.470326
0.336745
0.466732
0.40782
0.417588
0.50899
0.570199
0.4273
0.391178
0.397665
0.377958
0.455016
0.391663
0.416099
0.32569
0.477874
0.394149
0.464993
0.523376
0.524321
0.543555
0.414896
0.431451
0.492433
0.348984
0.522402
0.533663
0.449506
0.553227
0.472652
0.446587
0.399227
0.458569
0.373338
0.408373
0.519426
0.488355
0.389768
0.354994
0.426573
